VOA-1590A
3.0
[0.02 0.   0.39 0.02 0.57]
[   7. 1071.    0.    0.    0.]
---
OOU-473
3.0
[0.02 0.09 0.06 0.77 0.06]
[  0.  19. 103.   9.  19.]
---
VOA-1590B
3.0
[0.14 0.02 0.24 0.24 0.36]
[  0.   0.  69.   0. 175.]
---
VOA-1122C
0.0
[0.84 0.02 0.02 0.   0.12]
[  1.   1.   4.   0. 633.]
---
VOA-133D
4.0
[0.  0.  0.3 0.  0.7]
[   3.    2. 1119.   22.  203.]
---
VOA-1721D
4.0
[0.19 0.09 0.26 0.   0.46]
[  2. 465.   0.   0.   0.]
---
VOA-450D
0.0
[0.95 0.   0.   0.   0.05]
[  1.   5. 424.   0. 249.]
---
VOA-1339D
2.0
[0.   0.   0.29 0.   0.71]
[  0. 176.   0.   0.   0.]
---
VOA-683B
0.0
[0.89 0.02 0.   0.   0.09]
[1050.    7.    0.    0.    6.]
---
VOA-1339C
2.0
[0.   0.   0.34 0.   0.66]
[965.   0.   0.   0.   3.]
---
VOA-683D
0.0
[0.99 0.   0.   0.   0.01]
[   0.    0.    0.    0. 1036.]
---
VOA-1914A
1.0
[0.23 0.2  0.23 0.   0.34]
[1149.    6.    0.    0.    0.]
---
VOA-683A
0.0
[1. 0. 0. 0. 0.]
[  1.   0.   0.   0. 597.]
---
VOA-1731A(Has Marker)
4.0
[0.05 0.   0.03 0.   0.92]
[  5.   6. 257.   2. 105.]
---
VOA-1721B
4.0
[0.01 0.01 0.33 0.01 0.64]
[ 44. 682.   1.   0. 283.]
---
VOA-495(A3)
1.0
[0.   0.85 0.01 0.   0.14]
[ 19.   0.  14.   2. 173.]
---
VOA-450A
0.0
[0.45 0.   0.   0.   0.55]
[1.000e+00 1.000e+01 1.981e+03 2.200e+01 1.180e+02]
---
VOA-109B
4.0
[0.95 0.   0.02 0.   0.03]
[  0.   0.   0. 664.   0.]
---
VOA-1122B
0.0
[0.99 0.   0.   0.   0.01]
[  0.   2.   0.   0. 145.]
---
VOA-1372A
2.0
[0.   0.   0.95 0.   0.05]
[308.  20.   0.   0.   0.]
---
VOA-112A
4.0
[0.   0.   0.89 0.   0.11]
[  0. 631.   0.   0.   0.]
---
VOA-128A
4.0
[0.   0.   0.16 0.   0.84]
[ 0. 25.  0.  0. 51.]
---
VOA-1339B
2.0
[0.   0.   0.44 0.   0.56]
[  9.  35.  11.   1. 530.]
---
VOA-1003B
2.0
[0.25 0.2  0.29 0.11 0.15]
[  0.   4.   0.   0. 363.]
---
VOA-5549A(Fatty Tissue)
1.0
[0.   0.9  0.02 0.01 0.07]
[1545.   10.    0.    0.    0.]
---
VOA-133A
4.0
[0. 0. 0. 0. 1.]
[ 10.   0.  11.   0. 899.]
---
VOA-410A
2.0
[0.01 0.03 0.83 0.   0.13]
[ 2. 48.  0.  0.  9.]
---
VOA-112B
4.0
[0.01 0.   0.86 0.   0.13]
[  0.   0.   1.   0. 363.]
---
VOA-109D
4.0
[0.91 0.   0.   0.   0.09]
[  0.   0.   0.   0. 231.]
---
VOA-127B
4.0
[0.   0.   0.62 0.   0.38]
[  4.  30.   3.   0. 119.]
---
VOA-133B
4.0
[0. 0. 0. 0. 1.]
[  0.   0.   0.   0. 188.]
---
VOA-112C
4.0
[0.   0.   0.86 0.   0.14]
[  6.   0.   7.   0. 136.]
---
VOA-127C
4.0
[0.   0.02 0.06 0.   0.92]
[103.   9. 129.   9.  27.]
---
VOA-295A
0.0
[0.94 0.02 0.   0.   0.04]
[576.   0.   0.   0.   0.]
---
VOA-1804B(Has Marker)
4.0
[0.  0.  0.2 0.  0.8]
[938.   0.   1.   0.   3.]
---
VOA-76 (R)
0.0
[0.   0.74 0.06 0.   0.2 ]
[372.   0.   0.   0.   2.]
---
VOA-1879A
4.0
[0.02 0.   0.21 0.   0.77]
[  0. 267.   0.   0.   0.]
---
VOA-295B
0.0
[0.86 0.02 0.02 0.   0.1 ]
[487.   0.   0.   0.   1.]
---
VOA-109A
4.0
[0.81 0.02 0.   0.   0.17]
[  0.   0.   0.   0. 879.]
---
VOA-113
0.0
[0.11 0.19 0.21 0.04 0.45]
[ 43. 970.   0.   0. 130.]
---
VOA-112B(2)
4.0
[0.01 0.01 0.36 0.   0.62]
[ 7.  1.  1.  1. 55.]
---
VOA-334A
2.0
[0.   0.01 0.83 0.   0.16]
[147.   0.   0.   0.   0.]
---
VOA-122B
4.0
[0.   0.01 0.   0.   0.99]
[  0.   1. 390.   0.  57.]
---
VOA-1804A
4.0
[0. 0. 0. 0. 1.]
[ 18.   0.  19.   0. 215.]
---
VOA-112D
4.0
[0.   0.01 0.21 0.   0.78]
[ 0. 26.  0.  0.  0.]
---
VOA-122D
4.0
[0.   0.   0.06 0.   0.94]
[  3.   0.   0.   0. 192.]
---
VOA-122C
4.0
[0.02 0.01 0.44 0.   0.53]
[ 0. 78.  0.  0.  0.]
---
VOA-024C
4.0
[0. 0. 0. 0. 1.]
[ 0. 26.  0.  0.  0.]
---
VOA-196A(2)
4.0
[0.01 0.   0.01 0.01 0.97]
[0. 0. 0. 0. 3.]
---
VOA-122A
4.0
[0.03 0.07 0.26 0.02 0.62]
[ 1.  1.  1.  0. 76.]
---
VOA-161B
4.0
[0.03 0.17 0.38 0.05 0.37]
[ 4.  0.  1.  1. 14.]
---
VOA-1367C
2.0
[0.01 0.   0.68 0.07 0.24]
[   7. 1071.    0.    0.    0.]
---
VOA-1912C
4.0
[0.02 0.05 0.06 0.   0.87]
[  0.  19. 103.   9.  19.]
---
VOA-5569C(Half Blurry)
1.0
[0.05 0.76 0.07 0.01 0.11]
[  0.   0.  69.   0. 175.]
---
VOA-1842E
4.0
[0. 0. 0. 0. 1.]
[  1.   1.   4.   0. 633.]
---
VOA-1709D
4.0
[0.   0.   0.55 0.   0.45]
[   3.    2. 1119.   22.  203.]
---
VOA-1842D
4.0
[0.   0.   0.09 0.   0.91]
[  2. 465.   0.   0.   0.]
---
VOA-1912D
4.0
[0.   0.   0.33 0.   0.67]
[  1.   5. 424.   0. 249.]
---
OOU-312
3.0
[0.01 0.01 0.01 0.88 0.09]
[  0. 176.   0.   0.   0.]
---
VOA-1920E
4.0
[0.05 0.07 0.05 0.38 0.45]
[1050.    7.    0.    0.    6.]
---
VOA-1508C
4.0
[0.01 0.68 0.05 0.01 0.25]
[965.   0.   0.   0.   3.]
---
VOA-1785A(Has Mark)
4.0
[0.07 0.02 0.05 0.   0.86]
[   0.    0.    0.    0. 1036.]
---
VOA-5569D
1.0
[0.04 0.71 0.1  0.02 0.13]
[1149.    6.    0.    0.    0.]
---
VOA-1351B
2.0
[0.01 0.04 0.11 0.01 0.83]
[  1.   0.   0.   0. 597.]
---
VOA-416C
0.0
[0.81 0.06 0.03 0.02 0.08]
[  5.   6. 257.   2. 105.]
---
VOA-1725B(Has Marker)
4.0
[0.01 0.02 0.07 0.   0.9 ]
[ 44. 682.   1.   0. 283.]
---
VOA-173
4.0
[0.11 0.75 0.01 0.   0.13]
[ 19.   0.  14.   2. 173.]
---
VOA-1912A
4.0
[0.03 0.01 0.01 0.   0.95]
[1.000e+00 1.000e+01 1.981e+03 2.200e+01 1.180e+02]
---
VOA-1920B
4.0
[0.39 0.05 0.06 0.   0.5 ]
[  0.   0.   0. 664.   0.]
---
VOA-1709B
4.0
[0.   0.   0.38 0.03 0.59]
[  0.   2.   0.   0. 145.]
---
VOA-1920C
4.0
[0.3 0.  0.  0.  0.7]
[308.  20.   0.   0.   0.]
---
VOA-489C
0.0
[1. 0. 0. 0. 0.]
[  0. 631.   0.   0.   0.]
---
VOA-1784A
1.0
[0.01 0.58 0.2  0.05 0.16]
[ 0. 25.  0.  0. 51.]
---
VOA-483A
0.0
[0.94 0.01 0.   0.   0.05]
[  9.  35.  11.   1. 530.]
---
VOA-1709C
4.0
[0.   0.   0.41 0.03 0.56]
[  0.   4.   0.   0. 363.]
---
VOA-437A
2.0
[0.02 0.03 0.02 0.   0.93]
[1545.   10.    0.    0.    0.]
---
VOA-1359C
0.0
[0.36 0.07 0.03 0.   0.54]
[ 10.   0.  11.   0. 899.]
---
VOA-1738A(Has Marker)
4.0
[0.   0.   0.08 0.   0.92]
[ 2. 48.  0.  0.  9.]
---
VOA-416D
0.0
[0.09 0.54 0.21 0.06 0.1 ]
[  0.   0.   1.   0. 363.]
---
VOA-1912B
4.0
[0.   0.   0.08 0.   0.92]
[  0.   0.   0.   0. 231.]
---
VOA-1842C
4.0
[0.07 0.06 0.01 0.   0.86]
[  4.  30.   3.   0. 119.]
---
VOA-953A
2.0
[0.09 0.81 0.   0.   0.1 ]
[  0.   0.   0.   0. 188.]
---
VOA-209A
4.0
[0.01 0.04 0.02 0.   0.93]
[  6.   0.   7.   0. 136.]
---
VOA-1920D(Has Marker)
4.0
[0.1  0.04 0.11 0.   0.75]
[103.   9. 129.   9.  27.]
---
VOA-1725C
4.0
[0.03 0.02 0.04 0.   0.91]
[576.   0.   0.   0.   0.]
---
VOA-1367D
2.0
[0.   0.   0.2  0.27 0.53]
[938.   0.   1.   0.   3.]
---
VOA-416A
0.0
[0.31 0.59 0.   0.03 0.07]
[372.   0.   0.   0.   2.]
---
VOA-1920F
4.0
[0.08 0.03 0.1  0.41 0.38]
[  0. 267.   0.   0.   0.]
---
VOA-1784B
1.0
[0.05 0.49 0.25 0.01 0.2 ]
[487.   0.   0.   0.   1.]
---
VOA-489A
0.0
[0.69 0.02 0.06 0.12 0.11]
[  0.   0.   0.   0. 879.]
---
VOA-1367B
2.0
[0.   0.01 0.36 0.1  0.53]
[ 43. 970.   0.   0. 130.]
---
VOA-1910A
4.0
[0.01 0.01 0.18 0.   0.8 ]
[ 7.  1.  1.  1. 55.]
---
VOA-1359A
0.0
[0.53 0.   0.01 0.   0.46]
[147.   0.   0.   0.   0.]
---
VOA-777A
2.0
[0.01 0.   0.22 0.   0.77]
[  0.   1. 390.   0.  57.]
---
VOA-1011B
0.0
[0.22 0.05 0.07 0.46 0.2 ]
[ 18.   0.  19.   0. 215.]
---
VOA-1859A(Has Marker)
4.0
[0.01 0.   0.1  0.   0.89]
[ 0. 26.  0.  0.  0.]
---
VOA-1920G
4.0
[0.07 0.01 0.06 0.31 0.55]
[  3.   0.   0.   0. 192.]
---
VOA-5569B
1.0
[0.05 0.13 0.15 0.01 0.66]
[ 0. 78.  0.  0.  0.]
---
VOA145A
4.0
[0. 0. 0. 0. 1.]
[ 0. 26.  0.  0.  0.]
---
VOA-1920A
4.0
[0.12 0.02 0.06 0.   0.8 ]
[0. 0. 0. 0. 3.]
---
VOA-412D
2.0
[0.23 0.05 0.09 0.   0.63]
[   7. 1071.    0.    0.    0.]
---
VOA-1180A
4.0
[0.   0.   0.33 0.   0.67]
[  0.  19. 103.   9.  19.]
---
VOA-412A
2.0
[0.1  0.06 0.15 0.01 0.68]
[  0.   0.  69.   0. 175.]
---
VOA-1177A
1.0
[0.13 0.36 0.02 0.32 0.17]
[  1.   1.   4.   0. 633.]
---
VOA-1800A
4.0
[0.   0.01 0.07 0.   0.92]
[   3.    2. 1119.   22.  203.]
---
VOA-1787A
4.0
[0.   0.   0.03 0.   0.97]
[  2. 465.   0.   0.   0.]
---
OOU-315
3.0
[0.05 0.07 0.13 0.34 0.41]
[  1.   5. 424.   0. 249.]
---
VOA-023B(2)
4.0
[0. 0. 0. 0. 1.]
[  0. 176.   0.   0.   0.]
---
OOU-298
3.0
[0.01 0.   0.01 0.88 0.1 ]
[1050.    7.    0.    0.    6.]
---
VOA-1299A
4.0
[0.   0.01 0.49 0.   0.5 ]
[965.   0.   0.   0.   3.]
---
VOA-1515A
4.0
[0.55 0.04 0.   0.   0.41]
[   0.    0.    0.    0. 1036.]
---
VOA-023C
4.0
[0.   0.   0.01 0.   0.99]
[1149.    6.    0.    0.    0.]
---
VOA-023B
4.0
[0.   0.01 0.47 0.   0.52]
[  1.   0.   0.   0. 597.]
---
VOA-129B
4.0
[0.   0.   0.09 0.   0.91]
[  5.   6. 257.   2. 105.]
---
VOA-1811D
4.0
[0.   0.   0.56 0.   0.44]
[ 44. 682.   1.   0. 283.]
---
VOA-1180D
4.0
[0.   0.15 0.25 0.01 0.59]
[ 19.   0.  14.   2. 173.]
---
VOA-1340B
0.0
[0.47 0.   0.   0.   0.53]
[1.000e+00 1.000e+01 1.981e+03 2.200e+01 1.180e+02]
---
VOA-5563A
1.0
[0.08 0.24 0.36 0.   0.32]
[  0.   0.   0. 664.   0.]
---
VOA-417A
0.0
[0.84 0.02 0.04 0.   0.1 ]
[  0.   2.   0.   0. 145.]
---
VOA-371A
0.0
[0.29 0.01 0.2  0.01 0.49]
[308.  20.   0.   0.   0.]
---
VOA-1787B(Has Marker)
4.0
[0.   0.   0.15 0.   0.85]
[  0. 631.   0.   0.   0.]
---
VOA-150A
4.0
[0.   0.01 0.   0.   0.99]
[ 0. 25.  0.  0. 51.]
---
VOA-1742A
1.0
[0.   0.95 0.02 0.   0.03]
[  9.  35.  11.   1. 530.]
---
VOA-413C
0.0
[0.12 0.21 0.13 0.01 0.53]
[  0.   4.   0.   0. 363.]
---
VOA-800A
0.0
[0.99 0.   0.   0.   0.01]
[1545.   10.    0.    0.    0.]
---
VOA-413C(2)
0.0
[0.11 0.17 0.07 0.01 0.64]
[ 10.   0.  11.   0. 899.]
---
VOA-1180B
4.0
[0.   0.   0.61 0.   0.39]
[ 2. 48.  0.  0.  9.]
---
VOA-002C
4.0
[0.07 0.39 0.13 0.   0.41]
[  0.   0.   1.   0. 363.]
---
VOA-412C
2.0
[0.21 0.05 0.12 0.01 0.61]
[  0.   0.   0.   0. 231.]
---
VOA-255C
2.0
[0.   0.   0.77 0.   0.23]
[  4.  30.   3.   0. 119.]
---
VOA-255A
2.0
[0.   0.   0.85 0.   0.15]
[  0.   0.   0.   0. 188.]
---
VOA-002B
4.0
[0.07 0.15 0.1  0.01 0.67]
[  6.   0.   7.   0. 136.]
---
VOA-1515B
4.0
[0.06 0.   0.07 0.   0.87]
[103.   9. 129.   9.  27.]
---
VOA-242C
2.0
[0.   0.   0.12 0.01 0.87]
[576.   0.   0.   0.   0.]
---
VOA-011B
4.0
[0. 0. 0. 0. 1.]
[938.   0.   1.   0.   3.]
---
VOA-255B
2.0
[0.  0.  0.9 0.  0.1]
[372.   0.   0.   0.   2.]
---
VOA-023A
4.0
[0. 0. 0. 0. 1.]
[  0. 267.   0.   0.   0.]
---
VOA-392C
0.0
[0.1 0.  0.  0.  0.9]
[487.   0.   0.   0.   1.]
---
VOA-150B
4.0
[0. 0. 0. 0. 1.]
[  0.   0.   0.   0. 879.]
---
VOA-281D
2.0
[0.01 0.   0.02 0.   0.97]
[ 43. 970.   0.   0. 130.]
---
VOA-155A
4.0
[0. 0. 0. 0. 1.]
[ 7.  1.  1.  1. 55.]
---
VOA-1370B
2.0
[0.03 0.05 0.53 0.02 0.37]
[147.   0.   0.   0.   0.]
---
VOA-281C
2.0
[0.   0.   0.72 0.   0.28]
[  0.   1. 390.   0.  57.]
---
VOA-155(B5)
4.0
[0.   0.01 0.01 0.   0.98]
[ 18.   0.  19.   0. 215.]
---
VOA-129A
4.0
[0. 0. 0. 0. 1.]
[ 0. 26.  0.  0.  0.]
---
VOA-1811A
4.0
[0.  0.  0.1 0.  0.9]
[  3.   0.   0.   0. 192.]
---
VOA-018B
4.0
[0.03 0.   0.02 0.   0.95]
[ 0. 78.  0.  0.  0.]
---
VOA-1370D
2.0
[0.13 0.1  0.24 0.01 0.52]
[ 0. 26.  0.  0.  0.]
---
VOA-1370A
2.0
[0.06 0.1  0.28 0.02 0.54]
[0. 0. 0. 0. 3.]
---
VOA-1370C
2.0
[0.1  0.16 0.08 0.01 0.65]
[ 1.  1.  1.  0. 76.]
---
VOA-1250B
4.0
[0.44 0.   0.08 0.24 0.24]
[   7. 1071.    0.    0.    0.]
---
VOA-1630C
4.0
[0.01 0.07 0.24 0.   0.68]
[  0.  19. 103.   9.  19.]
---
VOA-1469C
2.0
[0.   0.03 0.49 0.25 0.23]
[  0.   0.  69.   0. 175.]
---
VOA-5546A
0.0
[0.97 0.   0.01 0.   0.02]
[  1.   1.   4.   0. 633.]
---
VOA-818B
1.0
[0.15 0.37 0.13 0.1  0.25]
[   3.    2. 1119.   22.  203.]
---
VOA-818A
1.0
[0.17 0.38 0.29 0.01 0.15]
[  2. 465.   0.   0.   0.]
---
VOA-207B(2)
4.0
[0. 0. 0. 0. 1.]
[  1.   5. 424.   0. 249.]
---
VOA-1443B
2.0
[0.01 0.01 0.82 0.01 0.15]
[  0. 176.   0.   0.   0.]
---
VOA-1786A(Has Marker)
4.0
[0.   0.   0.48 0.   0.52]
[1050.    7.    0.    0.    6.]
---
OOU-529
3.0
[0.03 0.19 0.12 0.42 0.24]
[965.   0.   0.   0.   3.]
---
VOA-1786C
4.0
[0.   0.   0.48 0.   0.52]
[   0.    0.    0.    0. 1036.]
---
VOA-1194B
0.0
[0.73 0.01 0.04 0.01 0.21]
[1149.    6.    0.    0.    0.]
---
VOA-904A
1.0
[0.02 0.96 0.   0.   0.02]
[  1.   0.   0.   0. 597.]
---
VOA-1798A
4.0
[0.01 0.   0.04 0.   0.95]
[  5.   6. 257.   2. 105.]
---
VOA-1916B
4.0
[0.   0.   0.04 0.   0.96]
[ 44. 682.   1.   0. 283.]
---
VOA-1267C
4.0
[0.   0.   0.45 0.   0.55]
[ 19.   0.  14.   2. 173.]
---
VOA-1733A(Has Marker)
4.0
[0.   0.01 0.2  0.   0.79]
[1.000e+00 1.000e+01 1.981e+03 2.200e+01 1.180e+02]
---
VOA-1686C
2.0
[0.   0.   0.35 0.   0.65]
[  0.   0.   0. 664.   0.]
---
VOA-1190A
4.0
[0.   0.   0.85 0.   0.15]
[  0.   2.   0.   0. 145.]
---
VOA-326D
0.0
[1. 0. 0. 0. 0.]
[308.  20.   0.   0.   0.]
---
VOA-1194A
0.0
[0.97 0.   0.   0.   0.03]
[  0. 631.   0.   0.   0.]
---
VOA-1894B
4.0
[0.   0.   0.13 0.   0.87]
[ 0. 25.  0.  0. 51.]
---
VOA-818C
1.0
[0.27 0.4  0.22 0.01 0.1 ]
[  9.  35.  11.   1. 530.]
---
VOA-1469C(2)
2.0
[0.   0.04 0.34 0.47 0.15]
[  0.   4.   0.   0. 363.]
---
VOA-1894D
4.0
[0.   0.01 0.   0.   0.99]
[1545.   10.    0.    0.    0.]
---
VOA-1894A
4.0
[0.01 0.   0.   0.   0.99]
[ 10.   0.  11.   0. 899.]
---
VOA-1487D
4.0
[0.   0.01 0.74 0.   0.25]
[ 2. 48.  0.  0.  9.]
---
VOA-380C
2.0
[0.   0.   0.23 0.   0.77]
[  0.   0.   1.   0. 363.]
---
VOA-153
4.0
[0.   0.   0.25 0.01 0.74]
[  0.   0.   0.   0. 231.]
---
VOA-207D(2)
4.0
[0. 0. 0. 0. 1.]
[  4.  30.   3.   0. 119.]
---
VOA-1487C
4.0
[0.   0.   0.53 0.04 0.43]
[  0.   0.   0.   0. 188.]
---
VOA-904B(A bit blurry)
1.0
[0.02 0.97 0.   0.   0.01]
[  6.   0.   7.   0. 136.]
---
VOA-143C
4.0
[0.01 0.   0.   0.   0.99]
[103.   9. 129.   9.  27.]
---
VOA-326B
0.0
[0.92 0.   0.   0.   0.08]
[576.   0.   0.   0.   0.]
---
VOA-1798D
4.0
[0.02 0.02 0.06 0.   0.9 ]
[938.   0.   1.   0.   3.]
---
VOA-1250C
4.0
[0.21 0.01 0.29 0.16 0.33]
[372.   0.   0.   0.   2.]
---
VOA-1267B
4.0
[0.   0.   0.81 0.   0.19]
[  0. 267.   0.   0.   0.]
---
VOA-1786B
4.0
[0.   0.1  0.32 0.   0.58]
[487.   0.   0.   0.   1.]
---
VOA-1487B
4.0
[0.   0.01 0.78 0.   0.21]
[  0.   0.   0.   0. 879.]
---
VOA-857A
2.0
[0.06 0.04 0.54 0.3  0.06]
[ 43. 970.   0.   0. 130.]
---
VOA-1469A(2)
2.0
[0.   0.03 0.94 0.   0.03]
[ 7.  1.  1.  1. 55.]
---
VOA-1443B(2)
2.0
[0.   0.03 0.66 0.01 0.3 ]
[147.   0.   0.   0.   0.]
---
VOA-1469A
2.0
[0.   0.01 0.88 0.   0.11]
[  0.   1. 390.   0.  57.]
---
VOA-1760A
0.0
[0.68 0.   0.02 0.   0.3 ]
[ 18.   0.  19.   0. 215.]
---
VOA-1454B
0.0
[0.84 0.   0.   0.   0.16]
[ 0. 26.  0.  0.  0.]
---
VOA-1250A
4.0
[0.17 0.02 0.35 0.08 0.38]
[  3.   0.   0.   0. 192.]
---
VOA-326A
0.0
[0.21 0.09 0.27 0.02 0.41]
[ 0. 78.  0.  0.  0.]
---
VOA-143A
4.0
[0.18 0.01 0.01 0.   0.8 ]
[ 0. 26.  0.  0.  0.]
---
VOA-207A(2)
4.0
[0. 0. 0. 0. 1.]
[0. 0. 0. 0. 3.]
---
VOA-207D
4.0
[0.01 0.   0.01 0.   0.98]
[ 1.  1.  1.  0. 76.]
---
VOA-1686D
2.0
[0. 0. 0. 0. 1.]
[ 4.  0.  1.  1. 14.]
---
VOA-380C(2)
2.0
[0.01 0.01 0.77 0.   0.21]
[ 619. 1043.   17.    0.  227.]
---
VOA-1894C
4.0
[0.01 0.   0.17 0.   0.82]
[1093.    7.    9.    8.   28.]
---
VOA-143B
4.0
[0. 0. 0. 0. 1.]
[ 15. 341.  56.   2.   8.]
---
VOA-1798C
4.0
[0.06 0.19 0.09 0.   0.66]
[125.   0.  10.   0.   5.]
---
VOA-1454C
0.0
[0.85 0.   0.02 0.01 0.12]
[2.000e+00 1.722e+03 3.000e+00 0.000e+00 1.000e+00]
---
VOA-207B
4.0
[0.   0.   0.06 0.   0.94]
[ 133.   52. 1037.   31.   28.]
---
VOA-380A(2)
2.0
[0.   0.   0.75 0.   0.25]
[ 499.  202. 1702.  275.   10.]
---
VOA-207C
4.0
[0.03 0.04 0.04 0.   0.89]
[  8.   0.  12.   0. 529.]
---
VOA-207A
4.0
[0.57 0.   0.02 0.   0.41]
[  0.   0.   0. 661.   0.]
---
VOA-1798B
4.0
[0.01 0.01 0.24 0.   0.74]
[ 2.  5. 59.  0. 55.]
---
VOA-143D
4.0
[0. 0. 0. 0. 1.]
[  3.   2. 245.   0.  23.]
---
VOA-380A
2.0
[0.04 0.01 0.54 0.01 0.4 ]
[59.  0. 73.  0. 40.]
---
VOA-2437B
1.0
[0.27 0.42 0.27 0.   0.04]
[379.   5.  43. 135.  12.]
---
VOA-2156B
0.0
[0.82 0.01 0.02 0.   0.15]
[  21.   48.  235.    3. 1598.]
---
VOA-812B
1.0
[0.18 0.5  0.1  0.   0.22]
[1.000e+00 4.000e+00 1.406e+03 3.400e+01 1.200e+01]
---
VOA-285B
0.0
[0.47 0.01 0.03 0.   0.49]
[1.282e+03 1.000e+00 0.000e+00 1.000e+00 0.000e+00]
---
VOA-2437A
1.0
[0.02 0.83 0.02 0.   0.13]
[518. 696. 178.  40. 668.]
---
VOA-1179A
3.0
[0.16 0.02 0.51 0.04 0.27]
[312. 552. 188.   0. 554.]
---
VOA-1179B
3.0
[0.2  0.14 0.04 0.38 0.24]
[  0.   0.   5.   0. 106.]
---
VOA-1736A(Has Marker)
4.0
[0.   0.   0.04 0.   0.96]
[  7.   6. 937.   2.   1.]
---
OOU-470
3.0
[0.01 0.01 0.01 0.95 0.02]
[ 42.  11. 181.   4. 924.]
---
VOA-135B
4.0
[0.   0.   0.63 0.   0.37]
[2.00e+00 4.80e+01 1.10e+01 2.09e+03 9.00e+00]
---
VOA-1931D
2.0
[0.   0.01 0.86 0.   0.13]
[ 16.   5. 140.   5. 541.]
---
VOA-393C
4.0
[0.09 0.   0.22 0.   0.69]
[1617.    3.    6.    3.   41.]
---
VOA-1759A
2.0
[0.   0.   0.65 0.   0.35]
[6.000e+00 1.666e+03 0.000e+00 0.000e+00 1.000e+00]
---
VOA-1931A
2.0
[0.01 0.03 0.36 0.   0.6 ]
[ 0.  0.  1.  0. 30.]
---
VOA-2156C
0.0
[0.64 0.03 0.03 0.   0.3 ]
[   0.    0.   25.    0. 1064.]
---
VOA-1781C
0.0
[0.75 0.   0.02 0.   0.23]
[ 6.  0. 57.  0. 74.]
---
VOA-786B
0.0
[0.88 0.   0.02 0.   0.1 ]
[  0.   4.   4.   7. 638.]
---
VOA-782D(2)
2.0
[0.01 0.   0.4  0.   0.59]
[  0.   0. 145.   0. 677.]
---
VOA-1714A
4.0
[0.02 0.   0.13 0.   0.85]
[  0.   1. 437.   0. 101.]
---
VOA-1387A
4.0
[0.15 0.04 0.16 0.   0.65]
[456.   2.   0.   0.   2.]
---
VOA-285A
0.0
[0.71 0.   0.06 0.   0.23]
[563.  13.   1.   0.   0.]
---
VOA-782D
2.0
[0.01 0.   0.37 0.   0.62]
[  8.   1.  22.   1. 893.]
---
VOA-1713A(Has Marker)
4.0
[0.   0.   0.02 0.   0.98]
[765. 519.  75.   5. 800.]
---
VOA-131C
4.0
[0.02 0.   0.27 0.   0.71]
[   4.    8. 1130.   47.    9.]
---
VOA-782C(2)
2.0
[0.  0.  0.4 0.  0.6]
[   2.    0.    9.    0. 1216.]
---
VOA-131A
4.0
[0. 0. 0. 0. 1.]
[  0.   0.   0.   0. 314.]
---
VOA-1048A
0.0
[0.35 0.03 0.06 0.01 0.55]
[  4.   6. 275.   1. 124.]
---
VOA-1861B
4.0
[0.   0.   0.15 0.   0.85]
[  5.   2.  45.   0. 115.]
---
VOA-393B
4.0
[0.   0.   0.36 0.   0.64]
[  2.  18.  67.   0. 535.]
---
VOA135A
4.0
[0.01 0.   0.   0.   0.99]
[  0.   0.   0.   0. 111.]
---
VOA-1754A
2.0
[0.25 0.15 0.04 0.   0.56]
[  17.    7. 1183.    0.   83.]
---
VOA-393D
4.0
[0.08 0.   0.46 0.   0.46]
[   7. 1560.    0.    0.    0.]
---
VOA-167B
4.0
[0.25 0.   0.06 0.   0.69]
[ 11.   0.   1.   0. 189.]
---
VOA-190B
4.0
[0.06 0.46 0.   0.   0.48]
[873.   7.   9.   0.   3.]
---
VOA-167C
4.0
[0.   0.   0.06 0.   0.94]
[ 0. 20.  0.  0. 30.]
---
VOA-167A
4.0
[0.66 0.01 0.02 0.   0.31]
[830.   1. 494.  95.  96.]
---
VOA-782C
2.0
[0.01 0.02 0.43 0.01 0.53]
[  2.   1. 180.   0. 103.]
---
VOA-1861A
4.0
[0.02 0.   0.16 0.   0.82]
[  43.   60.  414.    9. 1251.]
---
VOA-163C
4.0
[0. 0. 0. 0. 1.]
[  1.  15. 501.   1.  27.]
---
VOA-208A
4.0
[0.02 0.   0.12 0.   0.86]
[ 11.   3. 203.  96.   0.]
---
VOA-1931C
2.0
[0.03 0.02 0.48 0.   0.47]
[  1.   0. 301.  11.   0.]
---
VOA-2266K
1.0
[0.1  0.87 0.   0.   0.03]
[379.   5.  43. 135.  12.]
---
VOA-1019A
2.0
[0.01 0.04 0.38 0.   0.57]
[  21.   48.  235.    3. 1598.]
---
VOA-158A
4.0
[0.   0.   0.35 0.   0.65]
[1.000e+00 4.000e+00 1.406e+03 3.400e+01 1.200e+01]
---
VOA-1749C
4.0
[0.   0.   0.15 0.   0.85]
[1.282e+03 1.000e+00 0.000e+00 1.000e+00 0.000e+00]
---
VOA-1782D
2.0
[0.   0.   0.26 0.   0.74]
[518. 696. 178.  40. 668.]
---
VOA-2266L
1.0
[0.04 0.84 0.04 0.   0.08]
[312. 552. 188.   0. 554.]
---
VOA-1631B
2.0
[0.   0.   0.18 0.   0.82]
[  0.   0.   5.   0. 106.]
---
VOA-2266B
1.0
[0.08 0.67 0.02 0.   0.23]
[  7.   6. 937.   2.   1.]
---
VOA-1867A
0.0
[0.9 0.  0.  0.  0.1]
[ 42.  11. 181.   4. 924.]
---
VOA-1727B
0.0
[1. 0. 0. 0. 0.]
[2.00e+00 4.80e+01 1.10e+01 2.09e+03 9.00e+00]
---
VOA-1858D
4.0
[0.   0.   0.02 0.   0.98]
[ 16.   5. 140.   5. 541.]
---
VOA-1727C
0.0
[0.98 0.   0.   0.   0.02]
[1617.    3.    6.    3.   41.]
---
VOA-1858C
4.0
[0.   0.   0.03 0.   0.97]
[6.000e+00 1.666e+03 0.000e+00 0.000e+00 1.000e+00]
---
VOA-1631D
2.0
[0.   0.   0.24 0.   0.76]
[ 0.  0.  1.  0. 30.]
---
VOA-440D
1.0
[0.11 0.31 0.14 0.   0.44]
[   0.    0.   25.    0. 1064.]
---
VOA-102(3)
4.0
[0.   0.   0.24 0.   0.76]
[ 6.  0. 57.  0. 74.]
---
VOA-1700A(Has Marker)
4.0
[0.   0.   0.38 0.07 0.55]
[  0.   4.   4.   7. 638.]
---
OOU-466
3.0
[0.01 0.   0.   0.97 0.02]
[  0.   0. 145.   0. 677.]
---
VOA-1803B(Has Marker)
4.0
[0.   0.   0.01 0.   0.99]
[  0.   1. 437.   0. 101.]
---
VOA-901B
0.0
[0.94 0.   0.02 0.   0.04]
[456.   2.   0.   0.   2.]
---
VOA-2266H
1.0
[0.04 0.88 0.01 0.   0.07]
[563.  13.   1.   0.   0.]
---
VOA-1821B
4.0
[0.02 0.09 0.02 0.   0.87]
[  8.   1.  22.   1. 893.]
---
VOA-1749D
4.0
[0.03 0.03 0.09 0.   0.85]
[765. 519.  75.   5. 800.]
---
VOA-171C
4.0
[0.   0.   0.13 0.   0.87]
[   4.    8. 1130.   47.    9.]
---
VOA-1727D(Has Marker)
0.0
[0.98 0.   0.   0.   0.02]
[   2.    0.    9.    0. 1216.]
---
VOA-1858A
4.0
[0.   0.   0.04 0.   0.96]
[  0.   0.   0.   0. 314.]
---
VOA-1821C
4.0
[0.07 0.31 0.01 0.01 0.6 ]
[  4.   6. 275.   1. 124.]
---
VOA-1191D(Has Marker)
4.0
[0.   0.   0.17 0.   0.83]
[  5.   2.  45.   0. 115.]
---
VOA-1858B
4.0
[0.   0.   0.02 0.   0.98]
[  2.  18.  67.   0. 535.]
---
VOA-1821A(Has Marker)
4.0
[0.   0.01 0.05 0.   0.94]
[  0.   0.   0.   0. 111.]
---
VOA-1789A(Has Marker)
4.0
[0. 0. 0. 0. 1.]
[  17.    7. 1183.    0.   83.]
---
VOA-102A
4.0
[0.   0.   0.09 0.   0.91]
[   7. 1560.    0.    0.    0.]
---
VOA-2044A
2.0
[0.25 0.   0.25 0.04 0.46]
[ 11.   0.   1.   0. 189.]
---
VOA-526A
0.0
[0.99 0.   0.   0.   0.01]
[873.   7.   9.   0.   3.]
---
VOA-1362A
0.0
[1. 0. 0. 0. 0.]
[ 0. 20.  0.  0. 30.]
---
VOA-1362B
0.0
[0.99 0.   0.   0.   0.01]
[830.   1. 494.  95.  96.]
---
VOA-2266M
1.0
[0.09 0.77 0.01 0.   0.13]
[  2.   1. 180.   0. 103.]
---
VOA-1362C
0.0
[0.99 0.   0.   0.   0.01]
[  43.   60.  414.    9. 1251.]
---
VOA-1789B
4.0
[0.   0.   0.03 0.   0.97]
[  1.  15. 501.   1.  27.]
---
VOA-440B
1.0
[0.18 0.4  0.09 0.   0.33]
[ 11.   3. 203.  96.   0.]
---
VOA-102A(2)
4.0
[0.01 0.   0.09 0.   0.9 ]
[  1.   0. 301.  11.   0.]
---
VOA-526C
0.0
[0.97 0.   0.   0.   0.03]
[1.000e+00 4.000e+00 1.209e+03 1.000e+01 3.000e+00]
---
VOA-1631C
2.0
[0.   0.   0.21 0.   0.79]
[  2.   1. 439.   3.   2.]
---
VOA-13A
4.0
[0.   0.   0.09 0.   0.91]
[985.   0.  21.   0.  16.]
---
VOA-2266D
1.0
[0.14 0.38 0.09 0.01 0.38]
[274.   5.   3.   0.  13.]
---
VOA-158B
4.0
[0.   0.   0.02 0.   0.98]
[586.  13. 174.  49. 125.]
---
VOA-2266F
1.0
[0.09 0.65 0.02 0.   0.24]
[220.  53.  23.   0.  98.]
---
VOA-2266C(Has Marker)
1.0
[0.14 0.38 0.09 0.01 0.38]
[ 80.   0.   1.   0. 156.]
---
VOA-171A
4.0
[0.04 0.01 0.03 0.02 0.9 ]
[ 0.  0.  4.  0. 90.]
---
VOA-194B
4.0
[0.   0.   0.02 0.   0.98]
[ 12.   0.   3.   0. 120.]
---
VOA-1803A
4.0
[0.01 0.   0.13 0.   0.86]
[  0.   0.   6.   0. 372.]
---
