VOA-1590A
3.0
[0.03 0.   0.47 0.21 0.29]
[   3. 1060.    0.    0.    0.]
---
OOU-473
3.0
[0.01 0.   0.01 0.78 0.2 ]
[ 2.  2. 63. 14.  4.]
---
VOA-1590B
3.0
[0.04 0.   0.5  0.19 0.27]
[  4.   0.   1.   0. 590.]
---
VOA-1122C
0.0
[0.8  0.01 0.06 0.02 0.11]
[  4.   0. 945.   3. 153.]
---
VOA-133D
4.0
[0.02 0.   0.   0.   0.98]
[  2. 458.   0.   0.   0.]
---
VOA-450D
0.0
[0.91 0.01 0.03 0.   0.05]
[  0.   0. 330.   0. 154.]
---
VOA-1339D
2.0
[0.   0.   0.56 0.   0.44]
[  2. 163.   0.   6.   0.]
---
VOA-683B
0.0
[0.99 0.   0.   0.   0.01]
[1062.    0.    0.    0.    0.]
---
VOA-683D
0.0
[1. 0. 0. 0. 0.]
[920.   0.   0.   0.  20.]
---
VOA-683A
0.0
[1. 0. 0. 0. 0.]
[   0.    0.    0.    0. 1033.]
---
VOA-1731A(Has Marker)
4.0
[0.41 0.04 0.06 0.   0.49]
[1154.    0.    0.    0.    0.]
---
VOA-1721B
4.0
[0.03 0.   0.22 0.   0.75]
[  1.   0.   0.   0. 586.]
---
VOA-1721D
4.0
[0.23 0.05 0.08 0.   0.64]
[  0.   1. 213.   0.  48.]
---
VOA-495(A3)
1.0
[0.01 0.67 0.02 0.01 0.29]
[127. 116.  16.   0. 191.]
---
VOA-1339C
2.0
[0.   0.   0.75 0.   0.25]
[   2.    3. 1920.    0.   48.]
---
VOA-450A
0.0
[0.97 0.   0.   0.   0.03]
[  0.   3.   0. 658.   0.]
---
VOA-1122B
0.0
[0.98 0.01 0.   0.   0.01]
[326.   1.   0.   0.   0.]
---
VOA-1914A
1.0
[0.18 0.59 0.04 0.03 0.16]
[  0. 627.   1.   0.   0.]
---
VOA-112A
4.0
[0.  0.  0.2 0.  0.8]
[ 0.  6.  0.  0. 40.]
---
VOA-128A
4.0
[0. 0. 0. 0. 1.]
[  0.   1.   0.   0. 362.]
---
VOA-109B
4.0
[0.15 0.   0.01 0.   0.84]
[1555.    0.    0.    0.    0.]
---
VOA-1339B
2.0
[0.   0.   0.59 0.   0.41]
[  1.   0.   0.   0. 138.]
---
VOA-1003B
2.0
[0.03 0.   0.66 0.   0.31]
[  0.   0.   1.   0. 892.]
---
VOA-5549A(Fatty Tissue)
1.0
[0.   0.93 0.01 0.01 0.05]
[  3.   0.  11.   1. 111.]
---
VOA-133A
4.0
[0. 0. 0. 0. 1.]
[ 3. 13.  0.  0. 18.]
---
VOA-410A
2.0
[0.01 0.01 0.97 0.   0.01]
[  0.   0.   0.   0. 358.]
---
VOA-112B
4.0
[0.02 0.   0.4  0.   0.58]
[  0.   0.   0.   0. 228.]
---
VOA-127B
4.0
[0. 0. 0. 0. 1.]
[  1.   0.   0.   0. 184.]
---
VOA-133B
4.0
[0.   0.   0.01 0.   0.99]
[ 0.  0.  7.  0. 99.]
---
VOA-112C
4.0
[0.02 0.   0.27 0.   0.71]
[ 4.  0. 64.  0. 78.]
---
VOA-127C
4.0
[0.   0.   0.33 0.   0.67]
[65.  5. 60.  0. 19.]
---
VOA-1804B(Has Marker)
4.0
[0.   0.   0.04 0.   0.96]
[573.   0.   0.   0.   0.]
---
VOA-76 (R)
0.0
[0.07 0.17 0.27 0.06 0.43]
[939.   0.   0.   0.   0.]
---
VOA-1372A
2.0
[0.   0.   0.79 0.   0.21]
[374.   0.   0.   0.   0.]
---
VOA-1879A
4.0
[0.   0.   0.06 0.   0.94]
[  0. 266.   0.   0.   0.]
---
VOA-295B
0.0
[0.91 0.   0.   0.   0.09]
[487.   0.   0.   0.   0.]
---
VOA-113
0.0
[0.38 0.1  0.16 0.07 0.29]
[  0.   0.   0.   0. 856.]
---
VOA-109A
4.0
[0.03 0.39 0.12 0.06 0.4 ]
[ 67. 630.   1.   0.  67.]
---
VOA-112B(2)
4.0
[0.   0.   0.09 0.   0.91]
[  0.   4.   6.   0. 509.]
---
VOA-334A
2.0
[0.   0.   0.76 0.   0.24]
[ 0.  0.  9.  0. 32.]
---
VOA-122B
4.0
[0. 0. 0. 0. 1.]
[147.   0.   0.   0.   0.]
---
VOA-295A
0.0
[0.92 0.   0.   0.01 0.07]
[  1.   0. 350.   0.  16.]
---
VOA-1804A
4.0
[0. 0. 0. 0. 1.]
[ 5.  0. 59.  0. 36.]
---
VOA-112D
4.0
[0.   0.   0.43 0.   0.57]
[ 0. 24.  0.  0.  0.]
---
VOA-122D
4.0
[0.   0.   0.15 0.   0.85]
[ 36.   0.   0.   1. 105.]
---
VOA-122C
4.0
[0.   0.   0.19 0.   0.81]
[  1.   4.   2.   0. 105.]
---
VOA-024C
4.0
[0.   0.   0.01 0.   0.99]
[ 0. 78.  0.  0.  0.]
---
VOA-109D
4.0
[0.25 0.01 0.07 0.   0.67]
[ 0. 25.  0.  0.  0.]
---
VOA-196A(2)
4.0
[0.   0.   0.05 0.02 0.93]
[0. 0. 0. 0. 2.]
---
VOA-122A
4.0
[0.   0.   0.02 0.02 0.96]
[ 1.  0.  0.  0. 71.]
---
VOA-161B
4.0
[0.   0.02 0.01 0.03 0.94]
[ 0.  0.  0.  0. 13.]
---
VOA-1367C
2.0
[0.02 0.   0.96 0.   0.02]
[   3. 1060.    0.    0.    0.]
---
VOA-1912C
4.0
[0. 0. 0. 0. 1.]
[ 2.  2. 63. 14.  4.]
---
VOA-5569C(Half Blurry)
1.0
[0.01 0.86 0.   0.   0.13]
[  4.   0.   1.   0. 590.]
---
VOA-1842E
4.0
[0.  0.  0.1 0.  0.9]
[  4.   0. 945.   3. 153.]
---
VOA-1709D
4.0
[0.01 0.   0.65 0.   0.34]
[  2. 458.   0.   0.   0.]
---
VOA-1842D
4.0
[0.   0.   0.02 0.   0.98]
[  0.   0. 330.   0. 154.]
---
VOA-1912D
4.0
[0.   0.   0.07 0.   0.93]
[  2. 163.   0.   6.   0.]
---
OOU-312
3.0
[0.01 0.   0.05 0.83 0.11]
[1062.    0.    0.    0.    0.]
---
VOA-1920E
4.0
[0.01 0.   0.86 0.   0.13]
[920.   0.   0.   0.  20.]
---
VOA-1508C
4.0
[0.03 0.55 0.04 0.01 0.37]
[   0.    0.    0.    0. 1033.]
---
VOA-1785A(Has Mark)
4.0
[0. 0. 0. 0. 1.]
[1154.    0.    0.    0.    0.]
---
VOA-5569D
1.0
[0.   0.85 0.09 0.   0.06]
[  1.   0.   0.   0. 586.]
---
VOA-416C
0.0
[0.56 0.03 0.25 0.01 0.15]
[  0.   1. 213.   0.  48.]
---
VOA-1725B(Has Marker)
4.0
[0.   0.   0.49 0.   0.51]
[127. 116.  16.   0. 191.]
---
VOA-1912A
4.0
[0.   0.   0.03 0.   0.97]
[   2.    3. 1920.    0.   48.]
---
VOA-1920B
4.0
[0.   0.   0.02 0.   0.98]
[  0.   3.   0. 658.   0.]
---
VOA-1709B
4.0
[0.04 0.02 0.1  0.04 0.8 ]
[326.   1.   0.   0.   0.]
---
VOA-1920C
4.0
[0.   0.   0.01 0.   0.99]
[  0. 627.   1.   0.   0.]
---
VOA-489C
0.0
[1. 0. 0. 0. 0.]
[ 0.  6.  0.  0. 40.]
---
VOA-1784A
1.0
[0.   0.85 0.09 0.   0.06]
[  0.   1.   0.   0. 362.]
---
VOA-483A
0.0
[0.99 0.   0.   0.   0.01]
[1555.    0.    0.    0.    0.]
---
VOA-1709C
4.0
[0.   0.   0.7  0.04 0.26]
[  1.   0.   0.   0. 138.]
---
VOA-437A
2.0
[0.01 0.   0.67 0.   0.32]
[  0.   0.   1.   0. 892.]
---
VOA-1738A(Has Marker)
4.0
[0.   0.   0.15 0.   0.85]
[  3.   0.  11.   1. 111.]
---
VOA-416D
0.0
[0.41 0.16 0.13 0.09 0.21]
[ 3. 13.  0.  0. 18.]
---
VOA-1912B
4.0
[0.   0.   0.07 0.   0.93]
[  0.   0.   0.   0. 358.]
---
VOA-1842C
4.0
[0.   0.   0.01 0.   0.99]
[  0.   0.   0.   0. 228.]
---
VOA-953A
2.0
[0.   0.   0.04 0.   0.96]
[  1.   0.   0.   0. 184.]
---
VOA-1351B
2.0
[0.   0.   0.57 0.01 0.42]
[ 0.  0.  7.  0. 99.]
---
VOA-209A
4.0
[0. 0. 0. 0. 1.]
[ 4.  0. 64.  0. 78.]
---
VOA-1920D(Has Marker)
4.0
[0.   0.   0.03 0.   0.97]
[65.  5. 60.  0. 19.]
---
VOA-173
4.0
[0.01 0.38 0.03 0.   0.58]
[573.   0.   0.   0.   0.]
---
VOA-1725C
4.0
[0.   0.   0.05 0.   0.95]
[939.   0.   0.   0.   0.]
---
VOA-416A
0.0
[0.52 0.03 0.18 0.03 0.24]
[374.   0.   0.   0.   0.]
---
VOA-1784B
1.0
[0.01 0.89 0.02 0.   0.08]
[  0. 266.   0.   0.   0.]
---
VOA-1359C
0.0
[0.38 0.05 0.   0.   0.57]
[487.   0.   0.   0.   0.]
---
VOA-489A
0.0
[0.99 0.   0.   0.   0.01]
[  0.   0.   0.   0. 856.]
---
VOA-1367B
2.0
[0.   0.   0.82 0.   0.18]
[ 67. 630.   1.   0.  67.]
---
VOA-777A
2.0
[0.01 0.   0.81 0.   0.18]
[  0.   4.   6.   0. 509.]
---
VOA-1910A
4.0
[0. 0. 0. 0. 1.]
[ 0.  0.  9.  0. 32.]
---
VOA-1859A(Has Marker)
4.0
[0.   0.   0.01 0.   0.99]
[147.   0.   0.   0.   0.]
---
VOA-1367D
2.0
[0.01 0.   0.75 0.   0.24]
[  1.   0. 350.   0.  16.]
---
VOA-1920G
4.0
[0.01 0.   0.76 0.   0.23]
[ 5.  0. 59.  0. 36.]
---
VOA-1359A
0.0
[0.5  0.   0.   0.01 0.49]
[ 0. 24.  0.  0.  0.]
---
VOA-5569B
1.0
[0.03 0.57 0.12 0.02 0.26]
[ 36.   0.   0.   1. 105.]
---
VOA-1920F
4.0
[0.03 0.   0.35 0.   0.62]
[  1.   4.   2.   0. 105.]
---
VOA145A
4.0
[0.   0.   0.01 0.   0.99]
[ 0. 78.  0.  0.  0.]
---
VOA-1011B
0.0
[0.1  0.   0.24 0.01 0.65]
[ 0. 25.  0.  0.  0.]
---
VOA-1920A
4.0
[0.   0.   0.01 0.   0.99]
[0. 0. 0. 0. 2.]
---
VOA-412D
2.0
[0.   0.01 0.5  0.   0.49]
[   3. 1060.    0.    0.    0.]
---
VOA-1180A
4.0
[0.   0.   0.16 0.   0.84]
[ 2.  2. 63. 14.  4.]
---
VOA-1177A
1.0
[0.   0.52 0.1  0.34 0.04]
[  4.   0.   1.   0. 590.]
---
VOA-1800A
4.0
[0.04 0.22 0.08 0.04 0.62]
[  4.   0. 945.   3. 153.]
---
VOA-1787A
4.0
[0. 0. 0. 0. 1.]
[  2. 458.   0.   0.   0.]
---
OOU-315
3.0
[0.14 0.01 0.33 0.43 0.09]
[  0.   0. 330.   0. 154.]
---
VOA-023B(2)
4.0
[0. 0. 0. 0. 1.]
[  2. 163.   0.   6.   0.]
---
OOU-298
3.0
[0.03 0.01 0.19 0.7  0.07]
[1062.    0.    0.    0.    0.]
---
VOA-1299A
4.0
[0.   0.01 0.65 0.   0.34]
[920.   0.   0.   0.  20.]
---
VOA-1515A
4.0
[0.79 0.   0.03 0.   0.18]
[   0.    0.    0.    0. 1033.]
---
VOA-023B
4.0
[0.   0.03 0.59 0.01 0.37]
[1154.    0.    0.    0.    0.]
---
VOA-129B
4.0
[0.   0.   0.02 0.   0.98]
[  1.   0.   0.   0. 586.]
---
VOA-1811D
4.0
[0.   0.   0.13 0.   0.87]
[  0.   1. 213.   0.  48.]
---
VOA-1340B
0.0
[0.88 0.01 0.02 0.02 0.07]
[127. 116.  16.   0. 191.]
---
VOA-417A
0.0
[0.64 0.   0.05 0.   0.31]
[   2.    3. 1920.    0.   48.]
---
VOA-1180D
4.0
[0.   0.01 0.17 0.   0.82]
[  0.   3.   0. 658.   0.]
---
VOA-1787B(Has Marker)
4.0
[0.01 0.   0.   0.   0.99]
[326.   1.   0.   0.   0.]
---
VOA-150A
4.0
[0. 0. 0. 0. 1.]
[  0. 627.   1.   0.   0.]
---
VOA-1742A
1.0
[0.   0.99 0.   0.   0.01]
[ 0.  6.  0.  0. 40.]
---
VOA-412A
2.0
[0.  0.  0.5 0.  0.5]
[  0.   1.   0.   0. 362.]
---
VOA-800A
0.0
[0.99 0.   0.01 0.   0.  ]
[1555.    0.    0.    0.    0.]
---
VOA-413C(2)
0.0
[0.34 0.38 0.   0.04 0.24]
[  1.   0.   0.   0. 138.]
---
VOA-002C
4.0
[0.02 0.02 0.02 0.   0.94]
[  0.   0.   1.   0. 892.]
---
VOA-413C
0.0
[0.   0.   0.04 0.   0.96]
[  3.   0.  11.   1. 111.]
---
VOA-412C
2.0
[0.   0.   0.56 0.   0.44]
[ 3. 13.  0.  0. 18.]
---
VOA-255C
2.0
[0.02 0.01 0.24 0.   0.73]
[  0.   0.   0.   0. 358.]
---
VOA-255A
2.0
[0.   0.   0.55 0.   0.45]
[  0.   0.   0.   0. 228.]
---
VOA-002B
4.0
[0. 0. 0. 0. 1.]
[  1.   0.   0.   0. 184.]
---
VOA-1515B
4.0
[0.17 0.   0.22 0.   0.61]
[ 0.  0.  7.  0. 99.]
---
VOA-1180B
4.0
[0.   0.02 0.12 0.   0.86]
[ 4.  0. 64.  0. 78.]
---
VOA-242C
2.0
[0.01 0.   0.06 0.   0.93]
[65.  5. 60.  0. 19.]
---
VOA-371A
0.0
[0.57 0.03 0.11 0.02 0.27]
[573.   0.   0.   0.   0.]
---
VOA-5563A
1.0
[0.03 0.65 0.12 0.   0.2 ]
[939.   0.   0.   0.   0.]
---
VOA-023C
4.0
[0.   0.   0.03 0.   0.97]
[374.   0.   0.   0.   0.]
---
VOA-011B
4.0
[0. 0. 0. 0. 1.]
[  0. 266.   0.   0.   0.]
---
VOA-023A
4.0
[0.   0.   0.01 0.   0.99]
[487.   0.   0.   0.   0.]
---
VOA-392C
0.0
[0.85 0.03 0.04 0.   0.08]
[  0.   0.   0.   0. 856.]
---
VOA-150B
4.0
[0.   0.   0.62 0.   0.38]
[ 67. 630.   1.   0.  67.]
---
VOA-255B
2.0
[0.   0.   0.66 0.   0.34]
[  0.   4.   6.   0. 509.]
---
VOA-155A
4.0
[0.   0.   0.22 0.   0.78]
[ 0.  0.  9.  0. 32.]
---
VOA-1370B
2.0
[0.01 0.01 0.87 0.   0.11]
[147.   0.   0.   0.   0.]
---
VOA-281C
2.0
[0.01 0.   0.82 0.   0.17]
[  1.   0. 350.   0.  16.]
---
VOA-155(B5)
4.0
[0.   0.01 0.04 0.   0.95]
[ 5.  0. 59.  0. 36.]
---
VOA-281D
2.0
[0.01 0.   0.   0.   0.99]
[ 0. 24.  0.  0.  0.]
---
VOA-1811A
4.0
[0.   0.   0.01 0.   0.99]
[ 36.   0.   0.   1. 105.]
---
VOA-018B
4.0
[0.01 0.   0.04 0.02 0.93]
[  1.   4.   2.   0. 105.]
---
VOA-1370D
2.0
[0.1  0.02 0.55 0.01 0.32]
[ 0. 78.  0.  0.  0.]
---
VOA-129A
4.0
[0. 0. 0. 0. 1.]
[ 0. 25.  0.  0.  0.]
---
VOA-1370A
2.0
[0.07 0.02 0.65 0.01 0.25]
[0. 0. 0. 0. 2.]
---
VOA-1370C
2.0
[0.21 0.06 0.39 0.01 0.33]
[ 1.  0.  0.  0. 71.]
---
VOA-1250B
4.0
[0.92 0.   0.02 0.   0.06]
[   3. 1060.    0.    0.    0.]
---
VOA-1630C
4.0
[0.19 0.06 0.11 0.   0.64]
[ 2.  2. 63. 14.  4.]
---
VOA-5546A
0.0
[0.99 0.   0.   0.   0.01]
[  4.   0.   1.   0. 590.]
---
VOA-818A
1.0
[0.08 0.76 0.   0.   0.16]
[  4.   0. 945.   3. 153.]
---
VOA-207B(2)
4.0
[0.   0.01 0.06 0.   0.93]
[  2. 458.   0.   0.   0.]
---
VOA-1443B
2.0
[0.   0.01 0.8  0.01 0.18]
[  0.   0. 330.   0. 154.]
---
VOA-1786A(Has Marker)
4.0
[0.09 0.08 0.04 0.   0.79]
[  2. 163.   0.   6.   0.]
---
OOU-529
3.0
[0.05 0.01 0.02 0.91 0.01]
[1062.    0.    0.    0.    0.]
---
VOA-1194B
0.0
[0.95 0.   0.02 0.   0.03]
[920.   0.   0.   0.  20.]
---
VOA-904A
1.0
[0. 1. 0. 0. 0.]
[   0.    0.    0.    0. 1033.]
---
VOA-1469C
2.0
[0.   0.   0.63 0.03 0.34]
[1154.    0.    0.    0.    0.]
---
VOA-1798A
4.0
[0.   0.01 0.   0.   0.99]
[  1.   0.   0.   0. 586.]
---
VOA-1916B
4.0
[0.  0.  0.1 0.  0.9]
[  0.   1. 213.   0.  48.]
---
VOA-1786C
4.0
[0.03 0.   0.18 0.01 0.78]
[127. 116.  16.   0. 191.]
---
VOA-1267C
4.0
[0.05 0.   0.2  0.   0.75]
[   2.    3. 1920.    0.   48.]
---
VOA-1733A(Has Marker)
4.0
[0. 0. 0. 0. 1.]
[  0.   3.   0. 658.   0.]
---
VOA-1686C
2.0
[0.   0.   0.26 0.   0.74]
[326.   1.   0.   0.   0.]
---
VOA-1190A
4.0
[0.   0.   0.24 0.   0.76]
[  0. 627.   1.   0.   0.]
---
VOA-326D
0.0
[1. 0. 0. 0. 0.]
[ 0.  6.  0.  0. 40.]
---
VOA-818B
1.0
[0.14 0.8  0.   0.01 0.05]
[  0.   1.   0.   0. 362.]
---
VOA-1194A
0.0
[1. 0. 0. 0. 0.]
[1555.    0.    0.    0.    0.]
---
VOA-1894B
4.0
[0. 0. 0. 0. 1.]
[  1.   0.   0.   0. 138.]
---
VOA-1469C(2)
2.0
[0.09 0.01 0.32 0.03 0.55]
[  0.   0.   1.   0. 892.]
---
VOA-1894D
4.0
[0. 0. 0. 0. 1.]
[  3.   0.  11.   1. 111.]
---
VOA-818C
1.0
[0.13 0.77 0.   0.01 0.09]
[ 3. 13.  0.  0. 18.]
---
VOA-1894A
4.0
[0.01 0.   0.   0.   0.99]
[  0.   0.   0.   0. 358.]
---
VOA-1487D
4.0
[0.   0.   0.48 0.   0.52]
[  0.   0.   0.   0. 228.]
---
VOA-153
4.0
[0. 0. 0. 0. 1.]
[  1.   0.   0.   0. 184.]
---
VOA-207D(2)
4.0
[0.   0.   0.01 0.   0.99]
[ 0.  0.  7.  0. 99.]
---
VOA-1487C
4.0
[0.   0.   0.41 0.01 0.58]
[ 4.  0. 64.  0. 78.]
---
VOA-904B(A bit blurry)
1.0
[0.06 0.83 0.   0.   0.11]
[65.  5. 60.  0. 19.]
---
VOA-143C
4.0
[0. 0. 0. 0. 1.]
[573.   0.   0.   0.   0.]
---
VOA-326B
0.0
[0.98 0.01 0.01 0.   0.  ]
[939.   0.   0.   0.   0.]
---
VOA-1267B
4.0
[0.   0.   0.23 0.   0.77]
[374.   0.   0.   0.   0.]
---
VOA-1487B
4.0
[0.   0.   0.67 0.   0.33]
[  0. 266.   0.   0.   0.]
---
VOA-1469A(2)
2.0
[0.   0.01 0.93 0.   0.06]
[487.   0.   0.   0.   0.]
---
VOA-1443B(2)
2.0
[0.01 0.02 0.54 0.01 0.42]
[  0.   0.   0.   0. 856.]
---
VOA-1469A
2.0
[0.   0.01 0.91 0.   0.08]
[ 67. 630.   1.   0.  67.]
---
VOA-1760A
0.0
[0.99 0.   0.   0.   0.01]
[  0.   4.   6.   0. 509.]
---
VOA-1454B
0.0
[0.98 0.01 0.01 0.   0.  ]
[ 0.  0.  9.  0. 32.]
---
VOA-326A
0.0
[0.97 0.   0.   0.   0.03]
[147.   0.   0.   0.   0.]
---
VOA-1250C
4.0
[0.55 0.07 0.23 0.   0.15]
[  1.   0. 350.   0.  16.]
---
VOA-143A
4.0
[0.12 0.   0.03 0.   0.85]
[ 5.  0. 59.  0. 36.]
---
VOA-1250A
4.0
[0.59 0.04 0.05 0.   0.32]
[ 0. 24.  0.  0.  0.]
---
VOA-1686D
2.0
[0.   0.   0.64 0.   0.36]
[ 36.   0.   0.   1. 105.]
---
VOA-857A
2.0
[0.05 0.   0.12 0.81 0.02]
[  1.   4.   2.   0. 105.]
---
VOA-1894C
4.0
[0. 0. 0. 0. 1.]
[ 0. 78.  0.  0.  0.]
---
VOA-1786B
4.0
[0.05 0.07 0.25 0.   0.63]
[ 0. 25.  0.  0.  0.]
---
VOA-143B
4.0
[0.03 0.   0.17 0.   0.8 ]
[0. 0. 0. 0. 2.]
---
VOA-1798C
4.0
[0.   0.   0.13 0.   0.87]
[ 1.  0.  0.  0. 71.]
---
VOA-380C
2.0
[0.02 0.02 0.09 0.   0.87]
[ 0.  0.  0.  0. 13.]
---
VOA-1454C
0.0
[0.98 0.   0.   0.   0.02]
[929.   1.   1.   3.  58.]
---
VOA-207B
4.0
[0.   0.02 0.03 0.   0.95]
[ 11. 344.   2.   0.   0.]
---
VOA-207D
4.0
[0.   0.   0.01 0.   0.99]
[126.   1.   0.   0.   1.]
---
VOA-380A(2)
2.0
[0.01 0.02 0.91 0.   0.06]
[   7. 1356.    0.    0.   44.]
---
VOA-1798D
4.0
[0.01 0.   0.01 0.   0.98]
[401.  45. 720. 450.  18.]
---
VOA-207C
4.0
[0.02 0.02 0.03 0.   0.93]
[  0.   0. 111.   0. 348.]
---
VOA-207A(2)
4.0
[0.   0.   0.01 0.   0.99]
[ 18.  27. 331. 240. 107.]
---
VOA-380C(2)
2.0
[0.05 0.01 0.33 0.02 0.59]
[  0.   0.   0. 660.   0.]
---
VOA-207A
4.0
[0.91 0.   0.01 0.   0.08]
[231. 325.   7.   0. 460.]
---
VOA-143D
4.0
[0. 0. 0. 0. 1.]
[  0.   0. 110.   0.  94.]
---
VOA-380A
2.0
[0.03 0.   0.91 0.   0.06]
[ 3.  0. 70.  0. 36.]
---
VOA-1798B
4.0
[0.01 0.02 0.01 0.02 0.94]
[ 0.  0.  4.  0. 46.]
---
VOA-2156B
0.0
[0.47 0.01 0.01 0.   0.51]
[219.   1.   4.  40.  15.]
---
VOA-812B
1.0
[0.01 0.96 0.01 0.   0.02]
[5.20e+01 1.20e+01 1.30e+01 1.00e+00 1.33e+03]
---
VOA-285B
0.0
[0.99 0.   0.   0.   0.01]
[1.259e+03 0.000e+00 0.000e+00 1.000e+00 0.000e+00]
---
VOA-2437A
1.0
[0.   0.84 0.01 0.   0.15]
[ 98. 488.   3.   0. 498.]
---
VOA-1179B
3.0
[0.3  0.1  0.01 0.33 0.26]
[ 3.  0.  0.  0. 69.]
---
VOA-1736A(Has Marker)
4.0
[0.   0.   0.36 0.   0.64]
[  3.   2. 885.   2.   0.]
---
VOA-1179A
3.0
[0.08 0.07 0.04 0.41 0.4 ]
[ 65.   2.  25.   0. 667.]
---
OOU-470
3.0
[0.05 0.   0.21 0.69 0.05]
[   8.    7.    3. 2021.    0.]
---
VOA-2437B
1.0
[0.   0.94 0.   0.   0.06]
[1.501e+03 1.000e+00 6.000e+00 0.000e+00 1.300e+01]
---
VOA-1931D
2.0
[0.   0.   0.74 0.   0.26]
[   4. 1651.    0.    0.    0.]
---
VOA-393C
4.0
[0.   0.   0.41 0.   0.59]
[   2.    0. 1302.    3.    8.]
---
VOA-1931A
2.0
[0.   0.   0.05 0.   0.95]
[ 0.  0.  1.  0. 25.]
---
VOA-1759A
2.0
[0.   0.   0.58 0.   0.42]
[  0.   0.   8.   0. 963.]
---
VOA-1781C
0.0
[0.26 0.   0.   0.   0.74]
[ 19.   2.  30.   0. 357.]
---
VOA-786B
0.0
[1. 0. 0. 0. 0.]
[ 1.  4.  5.  0. 59.]
---
VOA-782D(2)
2.0
[0.   0.01 0.98 0.   0.01]
[  0.   0.   0.   0. 641.]
---
VOA-1387A
4.0
[0.2  0.   0.04 0.05 0.71]
[  0.   0. 241.   0. 317.]
---
VOA-285A
0.0
[0.99 0.   0.   0.   0.01]
[  0.   0.  36.   0. 329.]
---
VOA-2156C
0.0
[0.84 0.   0.02 0.   0.14]
[458.   0.   2.   0.   0.]
---
VOA-782D
2.0
[0.   0.   0.93 0.   0.07]
[381. 570.   3.   7. 363.]
---
VOA-1714A
4.0
[0.41 0.01 0.07 0.   0.51]
[562.   1.   0.   0.   0.]
---
VOA-1713A(Has Marker)
4.0
[0. 0. 0. 0. 1.]
[  2.   0.   0.   0. 896.]
---
VOA-131C
4.0
[0.01 0.   0.02 0.   0.97]
[8.000e+00 7.000e+00 1.051e+03 1.000e+00 8.000e+00]
---
VOA-135B
4.0
[0.   0.   0.28 0.   0.72]
[1.000e+00 0.000e+00 1.000e+00 0.000e+00 1.214e+03]
---
VOA-131A
4.0
[0.   0.   0.03 0.   0.97]
[352. 475.   3.   0. 636.]
---
VOA-1048A
0.0
[0.66 0.01 0.05 0.   0.28]
[  0.   0.   0.   0. 313.]
---
VOA-1861B
4.0
[0. 0. 0. 0. 1.]
[  2.   1. 184.   0.  78.]
---
VOA-393B
4.0
[0.   0.   0.39 0.   0.61]
[  1.   1.   0.   0. 551.]
---
VOA135A
4.0
[0.   0.   0.01 0.   0.99]
[ 1.  1.  0.  0. 67.]
---
VOA-1754A
2.0
[0.19 0.   0.02 0.   0.79]
[ 10.   0. 927.   0.  66.]
---
VOA-393D
4.0
[0.   0.   0.45 0.   0.55]
[  16. 1514.    0.    0.    0.]
---
VOA-167B
4.0
[0.18 0.   0.19 0.   0.63]
[  4.   0.   0.   0. 182.]
---
VOA-782C(2)
2.0
[0.04 0.02 0.78 0.   0.16]
[842.   3.   3.   2.   0.]
---
VOA-190B
4.0
[0.01 0.86 0.   0.   0.13]
[  0.   5.  23.   0. 125.]
---
VOA-167C
4.0
[0.   0.   0.12 0.   0.88]
[  0.   0. 475.   0.  18.]
---
VOA-167A
4.0
[0.22 0.01 0.07 0.07 0.63]
[  3.   0. 268.   7.   0.]
---
VOA-782C
2.0
[0.   0.02 0.95 0.01 0.02]
[   7.    3. 1146.    2.    2.]
---
VOA-1861A
4.0
[0. 0. 0. 0. 1.]
[  3.   1. 404.   2.   0.]
---
VOA-163C
4.0
[0.02 0.   0.02 0.   0.96]
[962.   0.   0.   0.   8.]
---
VOA-208A
4.0
[0.   0.   0.03 0.   0.97]
[268.   0.   0.   2.   0.]
---
VOA-1931C
2.0
[0. 0. 0. 0. 1.]
[315.   6.   1.   0.   8.]
---
VOA-2266K
1.0
[0.   0.99 0.01 0.   0.  ]
[219.   1.   4.  40.  15.]
---
VOA-1019A
2.0
[0.01 0.01 0.9  0.   0.08]
[5.20e+01 1.20e+01 1.30e+01 1.00e+00 1.33e+03]
---
VOA-1749C
4.0
[0. 0. 0. 0. 1.]
[1.259e+03 0.000e+00 0.000e+00 1.000e+00 0.000e+00]
---
VOA-1782D
2.0
[0.01 0.   0.67 0.04 0.28]
[ 98. 488.   3.   0. 498.]
---
VOA-2266L
1.0
[0.   0.95 0.02 0.   0.03]
[ 3.  0.  0.  0. 69.]
---
VOA-1631B
2.0
[0.   0.   0.89 0.02 0.09]
[  3.   2. 885.   2.   0.]
---
VOA-2266B
1.0
[0.04 0.74 0.   0.   0.22]
[ 65.   2.  25.   0. 667.]
---
VOA-1867A
0.0
[1. 0. 0. 0. 0.]
[   8.    7.    3. 2021.    0.]
---
VOA-1727B
0.0
[0.88 0.   0.01 0.   0.11]
[1.501e+03 1.000e+00 6.000e+00 0.000e+00 1.300e+01]
---
VOA-1858D
4.0
[0.   0.   0.03 0.   0.97]
[   4. 1651.    0.    0.    0.]
---
VOA-1727C
0.0
[1. 0. 0. 0. 0.]
[   2.    0. 1302.    3.    8.]
---
VOA-1858C
4.0
[0. 0. 0. 0. 1.]
[ 0.  0.  1.  0. 25.]
---
VOA-1631D
2.0
[0.   0.01 0.22 0.   0.77]
[  0.   0.   8.   0. 963.]
---
VOA-440D
1.0
[0.07 0.5  0.01 0.   0.42]
[ 19.   2.  30.   0. 357.]
---
VOA-1700A(Has Marker)
4.0
[0.   0.01 0.09 0.02 0.88]
[ 1.  4.  5.  0. 59.]
---
OOU-466
3.0
[0.01 0.   0.13 0.82 0.04]
[  0.   0.   0.   0. 641.]
---
VOA-901B
0.0
[1. 0. 0. 0. 0.]
[  0.   0. 241.   0. 317.]
---
VOA-2266H
1.0
[0.   0.93 0.01 0.   0.06]
[  0.   0.  36.   0. 329.]
---
VOA-1821B
4.0
[0.05 0.   0.29 0.   0.66]
[458.   0.   2.   0.   0.]
---
VOA-171C
4.0
[0.   0.   0.03 0.   0.97]
[381. 570.   3.   7. 363.]
---
VOA-1727D(Has Marker)
0.0
[1. 0. 0. 0. 0.]
[562.   1.   0.   0.   0.]
---
VOA-1803B(Has Marker)
4.0
[0.03 0.   0.   0.   0.97]
[  2.   0.   0.   0. 896.]
---
VOA-1858A
4.0
[0. 0. 0. 0. 1.]
[8.000e+00 7.000e+00 1.051e+03 1.000e+00 8.000e+00]
---
VOA-102(3)
4.0
[0.   0.01 0.31 0.   0.68]
[1.000e+00 0.000e+00 1.000e+00 0.000e+00 1.214e+03]
---
VOA-1821C
4.0
[0.08 0.   0.12 0.   0.8 ]
[352. 475.   3.   0. 636.]
---
VOA-1191D(Has Marker)
4.0
[0.01 0.   0.   0.   0.99]
[  0.   0.   0.   0. 313.]
---
VOA-1858B
4.0
[0.   0.   0.01 0.   0.99]
[  2.   1. 184.   0.  78.]
---
VOA-1789A(Has Marker)
4.0
[0. 0. 0. 0. 1.]
[  1.   1.   0.   0. 551.]
---
VOA-102A
4.0
[0.  0.  0.1 0.  0.9]
[ 1.  1.  0.  0. 67.]
---
VOA-158A
4.0
[0.   0.   0.46 0.   0.54]
[ 10.   0. 927.   0.  66.]
---
VOA-2044A
2.0
[0.35 0.   0.04 0.   0.61]
[  16. 1514.    0.    0.    0.]
---
VOA-526A
0.0
[1. 0. 0. 0. 0.]
[  4.   0.   0.   0. 182.]
---
VOA-1362A
0.0
[1. 0. 0. 0. 0.]
[842.   3.   3.   2.   0.]
---
VOA-1362B
0.0
[1. 0. 0. 0. 0.]
[  0.   5.  23.   0. 125.]
---
VOA-2266M
1.0
[0.   0.88 0.01 0.   0.11]
[  0.   0. 475.   0.  18.]
---
VOA-1362C
0.0
[1. 0. 0. 0. 0.]
[  3.   0. 268.   7.   0.]
---
VOA-1789B
4.0
[0. 0. 0. 0. 1.]
[   7.    3. 1146.    2.    2.]
---
VOA-440B
1.0
[0.08 0.78 0.03 0.01 0.1 ]
[  3.   1. 404.   2.   0.]
---
VOA-1749D
4.0
[0.02 0.   0.01 0.   0.97]
[962.   0.   0.   0.   8.]
---
VOA-102A(2)
4.0
[0.   0.   0.23 0.   0.77]
[268.   0.   0.   2.   0.]
---
VOA-526C
0.0
[1. 0. 0. 0. 0.]
[315.   6.   1.   0.   8.]
---
VOA-1631C
2.0
[0.01 0.   0.64 0.   0.35]
[616.  14.  73.  24.  37.]
---
VOA-13A
4.0
[0.   0.   0.23 0.   0.77]
[ 25.   0.   0.   0. 150.]
---
VOA-2266D
1.0
[0.21 0.45 0.09 0.   0.25]
[293.   2.   6.  11. 146.]
---
VOA-158B
4.0
[0.1  0.   0.05 0.   0.85]
[  0.   0.  36.   0. 257.]
---
VOA-1821A(Has Marker)
4.0
[0.  0.  0.1 0.  0.9]
[  0.   0.   7. 271.   0.]
---
VOA-2266F
1.0
[0.01 0.64 0.01 0.   0.34]
[  2.   0.   1.   0. 860.]
---
VOA-2266C(Has Marker)
1.0
[0.21 0.45 0.09 0.   0.25]
[ 59.   6. 149.   0. 855.]
---
VOA-171A
4.0
[0.03 0.   0.   0.01 0.96]
[ 10.   0.   0.   0. 177.]
---
VOA-194B
4.0
[0. 0. 0. 0. 1.]
[  2.   3.  36.   0. 481.]
---
VOA-1803A
4.0
[0.   0.01 0.   0.   0.99]
[ 7.  0. 13.  0. 65.]
---
